0011110100001111
0011100000011110
0010111000101011
0010001000110110
0001001100111100
0000010000111111
1111010100111110
1110010100111001
1101100000110001
1100110100100101
1100010100010111
1100000100001000
1100000111111000
1100010111101001
1100110111011011
1101100011001111
1110010111000111
1111010111000010
0000010011000001
0001001111000100
0010001011001010
0010111011010101
0011100011100010
0011110111110001
01000000100000000
0011110100001111
0011100000011110
0010111000101011
0010001000110110
0001001100111100
0000010000111111
1111010100111110
1110010100111001
1101100000110001
1100110100100101
1100010100010111
1100000100001000
1100000111111000
1100010111101001
1100110111011011
1101100011001111
1110010111000111
1111010111000010
0000010011000001
0001001111000100
0010001011001010
0010111011010101
0011100011100010
0011110111110001
01000000100000000
0011110100001111
0011100000011110
0010111000101011
0010001000110110
0001001100111100
0000010000111111
1111010100111110
1110010100111001
1101100000110001
1100110100100101
1100010100010111
1100000100001000
1100000111111000
1100010111101001
1100110111011011
1101100011001111
1110010111000111
1111010111000010
0000010011000001
0001001111000100
0010001011001010
0010111011010101
0011100011100010
0011110111110001
01000000100000000
0011110100001111
0011100000011110
0010111000101011
0010001000110110
0001001100111100
0000010000111111
1111010100111110
1110010100111001
1101100000110001
1100110100100101
1100010100010111
1100000100001000
1100000111111000
1100010111101001
1100110111011011
1101100011001111
1110010111000111
1111010111000010
0000010011000001
0001001111000100
0010001011001010
0010111011010101
0011100011100010
0011110111110001
01000000100000000
0011110100001111
0011100000011110
0010111000101011
0010001000110110
0001001100111100
0000010000111111
1111010100111110
1110010100111001
1101100000110001
1100110100100101
1100010100010111
1100000100001000
1100000111111000
1100010111101001
1100110111011011
1101100011001111
1110010111000111
1111010111000010
0000010011000001
0001001111000100
0010001011001010
0010111011010101
0011100011100010
0011110111110001
01000000100000000
0011110100001111
0011100000011110
0010111000101011
0010001000110110
0001001100111100
0000010000111111
1111010100111110
1110010100111001
1101100000110001
1100110100100101
1100010100010111
1100000100001000
1100000111111000
1100010111101001
1100110111011011
1101100011001111
1110010111000111
1111010111000010
0000010011000001
0001001111000100
0010001011001010
0010111011010101
0011100011100010
0011110111110001
01000000100000000
0011110100001111
0011100000011110
0010111000101011
0010001000110110
0001001100111100
0000010000111111
1111010100111110
1110010100111001
1101100000110001
1100110100100101
1100010100010111
1100000100001000
1100000111111000
1100010111101001
1100110111011011
1101100011001111
1110010111000111
1111010111000010
0000010011000001
0001001111000100
0010001011001010
0010111011010101
0011100011100010
0011110111110001
01000000100000000
0011110100001111
0011100000011110
0010111000101011
0010001000110110
0001001100111100
0000010000111111
1111010100111110
1110010100111001
1101100000110001
1100110100100101
1100010100010111
1100000100001000
1100000111111000
1100010111101001
1100110111011011
1101100011001111
1110010111000111
1111010111000010
0000010011000001
0001001111000100
0010001011001010
0010111011010101
0011100011100010
0011110111110001
01000000100000000
0011110100001111
0011100000011110
0010111000101011
0010001000110110
0001001100111100
0000010000111111
1111010100111110
1110010100111001
1101100000110001
1100110100100101
1100010100010111
1100000100001000
1100000111111000
1100010111101001
1100110111011011
1101100011001111
1110010111000111
1111010111000010
0000010011000001
0001001111000100
0010001011001010
0010111011010101
0011100011100010
0011110111110001
01000000100000000
0011110100001111
0011100000011110
0010111000101011
0010001000110110
0001001100111100
0000010000111111
1111010100111110
1110010100111001
1101100000110001
1100110100100101
1100010100010111
1100000100001000
1100000111111000
1100010111101001
1100110111011011
1101100011001111
1110010111000111
1111010111000010
0000010011000001
0001001111000100
0010001011001010
0010111011010101
0011100011100010
0011110111110001
01000000100000000
0011110100001111
0011100000011110
0010111000101011
0010001000110110
0001001100111100
0000010000111111
1111010100111110
1110010100111001
1101100000110001
1100110100100101
1100010100010111
1100000100001000
1100000111111000
1100010111101001
1100110111011011
1101100011001111
1110010111000111
1111010111000010
0000010011000001
0001001111000100
0010001011001010
0010111011010101
0011100011100010
0011110111110001
01000000100000000
0011110100001111
0011100000011110
0010111000101011
0010001000110110
0001001100111100
0000010000111111
1111010100111110
1110010100111001
1101100000110001
1100110100100101
1100010100010111
1100000100001000
1100000111111000
1100010111101001
1100110111011011
1101100011001111
1110010111000111
1111010111000010
0000010011000001
0001001111000100
0010001011001010
0010111011010101
0011100011100010
0011110111110001
01000000100000000
0011110100001111
0011100000011110
0010111000101011
0010001000110110
0001001100111100
0000010000111111
1111010100111110
1110010100111001
1101100000110001
1100110100100101
1100010100010111
1100000100001000
1100000111111000
1100010111101001
1100110111011011
1101100011001111
1110010111000111
1111010111000010
0000010011000001
0001001111000100
0010001011001010
0010111011010101
0011100011100010
0011110111110001
01000000100000000
0011110100001111
0011100000011110
0010111000101011
0010001000110110
0001001100111100
0000010000111111
1111010100111110
1110010100111001
1101100000110001
1100110100100101
1100010100010111
1100000100001000
1100000111111000
1100010111101001
1100110111011011
1101100011001111
1110010111000111
1111010111000010
0000010011000001
0001001111000100
0010001011001010
0010111011010101
0011100011100010
0011110111110001
01000000100000000
0011110100001111
0011100000011110
0010111000101011
0010001000110110
0001001100111100
0000010000111111
1111010100111110
1110010100111001
1101100000110001
1100110100100101
1100010100010111
1100000100001000
1100000111111000
1100010111101001
1100110111011011
1101100011001111
1110010111000111
1111010111000010
0000010011000001
0001001111000100
0010001011001010
0010111011010101
0011100011100010
0011110111110001
01000000100000000
0011110100001111
0011100000011110
0010111000101011
0010001000110110
0001001100111100
0000010000111111
1111010100111110
1110010100111001
1101100000110001
1100110100100101
1100010100010111
1100000100001000
1100000111111000
1100010111101001
1100110111011011
1101100011001111
1110010111000111
1111010111000010
0000010011000001
0001001111000100
0010001011001010
0010111011010101
0011100011100010
0011110111110001
01000000100000000
0011110100001111
0011100000011110
0010111000101011
0010001000110110
0001001100111100
0000010000111111
1111010100111110
1110010100111001
1101100000110001
1100110100100101
1100010100010111
1100000100001000
1100000111111000
1100010111101001
1100110111011011
1101100011001111
1110010111000111
1111010111000010
0000010011000001
0001001111000100
0010001011001010
0010111011010101
0011100011100010
0011110111110001
01000000100000000
0011110100001111
0011100000011110
0010111000101011
0010001000110110
0001001100111100
0000010000111111
1111010100111110
1110010100111001
1101100000110001
1100110100100101
1100010100010111
1100000100001000
1100000111111000
1100010111101001
1100110111011011
1101100011001111
1110010111000111
1111010111000010
0000010011000001
0001001111000100
0010001011001010
0010111011010101
0011100011100010
0011110111110001
01000000100000000
0011110100001111
0011100000011110
0010111000101011
0010001000110110
0001001100111100
0000010000111111
1111010100111110
1110010100111001
1101100000110001
1100110100100101
1100010100010111
1100000100001000
1100000111111000
1100010111101001
1100110111011011
1101100011001111
1110010111000111
1111010111000010
0000010011000001
0001001111000100
0010001011001010
0010111011010101
0011100011100010
0011110111110001
0100000000000000
0011110100001111
0011100000011110
0010111000101011
0010001000110110
0001001100111100
0000010000111111
1111010100111110
1110010100111001
1101100000110001
1100110100100101
1100010100010111
1100000100001000
1100000111111000
1100010111101001
1100110111011011
1101100011001111
1110010111000111
1111010111000010
0000010011000001
0001001111000100
0010001011001010
0010111011010101
0011100011100010
0011110111110001
01000000100000000
0011110100001111
0011100000011110
0010111000101011
0010001000110110
0001001100111100
0000010000111111
1111010100111110
1110010100111001
1101100000110001
1100110100100101
1100010100010111
1100000100001000
1100000111111000
1100010111101001
1100110111011011
1101100011001111
1110010111000111
1111010111000010
0000010011000001
0001001111000100
0010001011001010
0010111011010101
0011100011100010
0011110111110001
01000000100000000
0011110100001111
0011100000011110
0010111000101011
0010001000110110
0001001100111100
0000010000111111
1111010100111110
1110010100111001
1101100000110001
1100110100100101
1100010100010111
1100000100001000
1100000111111000
1100010111101001
1100110111011011
1101100011001111
1110010111000111
1111010111000010
0000010011000001
0001001111000100
0010001011001010
0010111011010101
0011100011100010
0011110111110001
01000000100000000
0011110100001111
0011100000011110
0010111000101011
0010001000110110
0001001100111100
0000010000111111
1111010100111110
1110010100111001
1101100000110001
1100110100100101
1100010100010111
1100000100001000
1100000111111000
1100010111101001
1100110111011011
1101100011001111
1110010111000111
1111010111000010
0000010011000001
0001001111000100
0010001011001010
0010111011010101
0011100011100010
0011110111110001
01000000100000000
0011110100001111
0011100000011110
0010111000101011
0010001000110110
0001001100111100
0000010000111111
1111010100111110
1110010100111001
1101100000110001
1100110100100101
1100010100010111
1100000100001000
1100000111111000
1100010111101001
1100110111011011
1101100011001111
1110010111000111
1111010111000010
0000010011000001
0001001111000100
0010001011001010
0010111011010101
0011100011100010
0011110111110001
01000000100000000
0011110100001111
0011100000011110
0010111000101011
0010001000110110
0001001100111100
0000010000111111
1111010100111110
1110010100111001
1101100000110001
1100110100100101
1100010100010111
1100000100001000
1100000111111000
1100010111101001
1100110111011011
1101100011001111
1110010111000111
1111010111000010
0000010011000001
0001001111000100
0010001011001010
0010111011010101
0011100011100010
0011110111110001
0100000000000000
0011110100001111
0011100000011110
0010111000101011
0010001000110110
0001001100111100
0000010000111111
1111010100111110
1110010100111001
1101100000110001
1100110100100101
1100010100010111
1100000100001000
1100000111111000
1100010111101001
1100110111011011
1101100011001111
1110010111000111
1111010111000010
0000010011000001
0001001111000100
0010001011001010
0010111011010101
0011100011100010
0011110111110001
01000000100000000
0011110100001111
0011100000011110
0010111000101011
0010001000110110
0001001100111100
0000010000111111
1111010100111110
1110010100111001
1101100000110001
1100110100100101
1100010100010111
1100000100001000
1100000111111000
1100010111101001
1100110111011011
1101100011001111
1110010111000111
1111010111000010
0000010011000001
0001001111000100
0010001011001010
0010111011010101
0011100011100010
0011110111110001
01000000100000000
0011110100001111
0011100000011110
0010111000101011
0010001000110110
0001001100111100
0000010000111111
1111010100111110
1110010100111001
1101100000110001
1100110100100101
1100010100010111
1100000100001000
1100000111111000
1100010111101001
1100110111011011
1101100011001111
1110010111000111
1111010111000010
0000010011000001
0001001111000100
0010001011001010
0010111011010101
0011100011100010
0011110111110001
01000000100000000
0011110100001111
0011100000011110
0010111000101011
0010001000110110
0001001100111100
0000010000111111
1111010100111110
1110010100111001
1101100000110001
1100110100100101
1100010100010111
1100000100001000
1100000111111000
1100010111101001
1100110111011011
1101100011001111
1110010111000111
1111010111000010
0000010011000001
0001001111000100
0010001011001010
0010111011010101
0011100011100010
0011110111110001
0100000000000000
0011110100001111
0011100000011110
0010111000101011
0010001000110110
0001001100111100
0000010000111111
1111010100111110
1110010100111001
1101100000110001
1100110100100101
1100010100010111
1100000100001000
1100000111111000
1100010111101001
1100110111011011
1101100011001111
1110010111000111
1111010111000010
0000010011000001
0001001111000100
0010001011001010
0010111011010101
0011100011100010
0011110111110001
01000000100000000
0011110100001111
0011100000011110
0010111000101011
0010001000110110
0001001100111100
0000010000111111
1111010100111110
1110010100111001
1101100000110001
1100110100100101
1100010100010111
1100000100001000
1100000111111000
1100010111101001
1100110111011011
1101100011001111
1110010111000111
1111010111000010
0000010011000001
0001001111000100
0010001011001010
0010111011010101
0011100011100010
0011110111110001
01000000100000000
0011110100001111
0011100000011110
0010111000101011
0010001000110110
0001001100111100
0000010000111111
1111010100111110
1110010100111001
1101100000110001
1100110100100101
1100010100010111
1100000100001000
1100000111111000
1100010111101001
1100110111011011
1101100011001111
1110010111000111
1111010111000010
0000010011000001
0001001111000100
0010001011001010
0010111011010101
0011100011100010
0011110111110001
01000000100000000
0011110100001111
0011100000011110
0010111000101011
0010001000110110
0001001100111100
0000010000111111
1111010100111110
1110010100111001
1101100000110001
1100110100100101
1100010100010111
1100000100001000
1100000111111000
1100010111101001
1100110111011011
1101100011001111
1110010111000111
1111010111000010
0000010011000001
0001001111000100
0010001011001010
0010111011010101
0011100011100010
0011110111110001
01000000100000000
0011110100001111
0011100000011110
0010111000101011
0010001000110110
0001001100111100
0000010000111111
1111010100111110
1110010100111001
1101100000110001
1100110100100101
1100010100010111
1100000100001000
1100000111111000
1100010111101001
1100110111011011
1101100011001111
1110010111000111
1111010111000010
0000010011000001
0001001111000100
0010001011001010
0010111011010101
0011100011100010
0011110111110001
01000000100000000
0011110100001111
0011100000011110
0010111000101011
0010001000110110
0001001100111100
0000010000111111
1111010100111110
1110010100111001
1101100000110001
1100110100100101
1100010100010111
1100000100001000
1100000111111000
1100010111101001
1100110111011011
1101100011001111
1110010111000111
1111010111000010
0000010011000001
0001001111000100
0010001011001010
0010111011010101
0011100011100010
0011110111110001
01000000100000000
0011110100001111
0011100000011110
0010111000101011
0010001000110110
0001001100111100
0000010000111111
1111010100111110
1110010100111001
1101100000110001
1100110100100101
1100010100010111
1100000100001000
1100000111111000
1100010111101001
1100110111011011
1101100011001111
1110010111000111
1111010111000010
0000010011000001
0001001111000100
0010001011001010
0010111011010101
0011100011100010
0011110111110001
01000000100000000
0011110100001111
0011100000011110
0010111000101011
0010001000110110
0001001100111100
0000010000111111
1111010100111110
1110010100111001
1101100000110001
1100110100100101
1100010100010111
1100000100001000
1100000111111000
1100010111101001
1100110111011011
1101100011001111
1110010111000111
1111010111000010
0000010011000001
0001001111000100
0010001011001010
0010111011010101
0011100011100010
0011110111110001
01000000100000000
0011110100001111
0011100000011110
0010111000101011
0010001000110110
0001001100111100
0000010000111111
1111010100111110
1110010100111001
1101100000110001
1100110100100101
1100010100010111
1100000100001000
1100000111111000
1100010111101001
1100110111011011
1101100011001111
1110010111000111
1111010111000010
0000010011000001
0001001111000100
0010001011001010
0010111011010101
0011100011100010
0011110111110001
0100000000000000
0011110100001111
0011100000011110
0010111000101011
0010001000110110
0001001100111100
0000010000111111
1111010100111110
1110010100111001
1101100000110001
1100110100100101
1100010100010111
1100000100001000
1100000111111000
1100010111101001
1100110111011011
1101100011001111
1110010111000111
1111010111000010
0000010011000001
0001001111000100
0010001011001010
0010111011010101
0011100011100010
0011110111110001
01000000100000000
0011110100001111
0011100000011110
0010111000101011
0010001000110110
0001001100111100
0000010000111111
1111010100111110
1110010100111001
1101100000110001
1100110100100101
1100010100010111
1100000100001000
1100000111111000
1100010111101001
1100110111011011
1101100011001111
1110010111000111
1111010111000010
0000010011000001
0001001111000100
0010001011001010
0010111011010101
0011100011100010
0011110111110001
01000000100000000
0011110100001111
0011100000011110
0010111000101011
0010001000110110
0001001100111100
0000010000111111
1111010100111110
1110010100111001
1101100000110001
1100110100100101
1100010100010111
1100000100001000
1100000111111000
1100010111101001
1100110111011011
1101100011001111
1110010111000111
1111010111000010
0000010011000001
0001001111000100
0010001011001010
0010111011010101
0011100011100010
0011110111110001
